Standard Error Stream:
37
0 3 1 2 3 4 5 6
1 3 7 8 2 0 6 18
2 3 8 9 10 3 0 1
3 3 2 10 11 12 4 0
4 3 0 3 12 13 14 5
5 3 6 0 4 14 15 16
6 3 18 1 0 5 16 17
7 2 19 20 8 1 18 36
8 0 20 21 9 2 1 7
9 2 21 22 23 10 2 8
10 2 9 23 24 11 3 2
11 2 10 24 25 26 12 3
12 2 3 11 26 27 13 4
13 2 4 12 27 28 29 14
14 0 5 4 13 29 30 15
15 2 16 5 14 30 31 32
16 2 17 6 5 15 32 33
17 2 35 18 6 16 33 34
18 2 36 7 1 6 17 35
19 1 -1 -1 20 7 36 -1
20 1 -1 -1 21 8 7 19
21 1 -1 -1 22 9 8 20
22 0 -1 -1 -1 23 9 21
23 1 22 -1 -1 24 10 9
24 0 23 -1 -1 25 11 10
25 1 24 -1 -1 -1 26 11
26 1 11 25 -1 -1 27 12
27 1 12 26 -1 -1 28 13
28 1 13 27 -1 -1 -1 29
29 1 14 13 28 -1 -1 30
30 1 15 14 29 -1 -1 31
31 0 32 15 30 -1 -1 -1
32 1 33 16 15 31 -1 -1
33 0 34 17 16 32 -1 -1
34 1 -1 35 17 33 -1 -1
35 1 -1 36 18 17 34 -1
36 1 -1 19 7 18 35 -1
0
20
2 0
2 0 0
4
19 1 1 0
23 1 0 0
28 1 0 0
32 1 1 0
6
WAIT
SEED 19 36
SEED 19 7
SEED 32 15
SEED 32 16
SEED 19 20
03
96
04
96
07
96
Standard Error Stream:
1
20
4 0
3 0 0
6
10 0 0 0
13 0 0 0
19 1 1 0
23 1 0 0
28 1 0 0
32 1 1 0
8
WAIT
GROW 32
GROW 19
SEED 19 20
SEED 32 15
SEED 19 7
SEED 19 36
SEED 32 16
08
96
Standard Error Stream:
1
20
1 0
0 0 0
6
10 1 0 1
13 0 0 0
19 2 1 1
23 1 0 0
28 1 0 0
32 1 1 0
3
WAIT
SEED 32 15
SEED 32 16
11
96
Standard Error Stream:
2
20
4 0
3 0 0
6
10 1 0 0
13 0 0 0
19 2 1 0
23 1 0 0
28 1 0 0
32 1 1 0
11
WAIT
GROW 32
SEED 32 16
SEED 19 1
SEED 19 7
SEED 19 20
SEED 19 18
SEED 19 36
SEED 32 15
SEED 19 21
SEED 19 35
12
96
Standard Error Stream:
2
20
0 0
0 0 0
6
10 2 0 1
13 0 0 0
19 2 1 0
23 1 0 0
28 1 0 0
32 2 1 1
8
WAIT
SEED 19 35
SEED 19 21
SEED 19 7
SEED 19 20
SEED 19 1
SEED 19 36
SEED 19 18
15
96
Standard Error Stream:
3
20
4 0
4 0 0
6
10 2 0 0
13 0 0 0
19 2 1 0
23 1 0 0
28 1 0 0
32 2 1 0
15
WAIT
SEED 32 30
SEED 32 16
SEED 19 7
SEED 19 36
SEED 32 6
SEED 32 17
SEED 19 35
SEED 32 5
SEED 19 21
SEED 19 1
SEED 19 20
SEED 32 15
SEED 32 34
SEED 19 18
16
96
17
96
18
96
21
96
Standard Error Stream:
4
20
8 0
5 0 0
8
3 0 0 0
9 0 0 0
10 2 0 0
13 1 0 0
19 2 1 0
23 1 0 0
28 1 0 0
32 2 1 0
17
WAIT
GROW 32
GROW 19
SEED 32 17
SEED 32 34
SEED 32 6
SEED 19 18
SEED 32 30
SEED 32 16
SEED 19 35
SEED 19 20
SEED 19 1
SEED 19 36
SEED 32 5
SEED 19 21
SEED 32 15
SEED 19 7
22
96
Standard Error Stream:
4
20
1 0
1 0 0
8
3 1 0 1
9 0 0 0
10 2 0 0
13 1 0 0
19 3 1 1
23 1 0 0
28 1 0 0
32 2 1 0
8
WAIT
SEED 32 6
SEED 32 30
SEED 32 34
SEED 32 16
SEED 32 15
SEED 32 17
SEED 32 5
23
96
26
96
Standard Error Stream:
5
20
6 0
6 0 0
9
2 0 0 0
3 1 0 0
9 0 0 0
10 2 0 0
13 1 0 0
19 3 1 0
23 1 0 0
28 1 0 0
32 2 1 0
20
WAIT
COMPLETE 19
SEED 19 17
SEED 32 17
SEED 19 0
SEED 19 21
SEED 19 18
SEED 19 36
SEED 32 34
SEED 19 1
SEED 32 6
SEED 32 16
SEED 32 5
SEED 19 7
SEED 32 30
SEED 32 15
SEED 19 20
SEED 19 34
SEED 19 6
SEED 19 35
27
96
Standard Error Stream:
5
19
2 20
2 0 0
8
2 0 0 0
3 2 0 1
9 0 0 0
10 2 0 0
13 1 0 0
23 1 0 0
28 1 0 0
32 2 1 0
8
WAIT
SEED 32 16
SEED 32 17
SEED 32 34
SEED 32 6
SEED 32 15
SEED 32 5
SEED 32 30
28
96
31
96
Standard Error Stream:
6
19
4 20
6 0 0
9
2 0 0 0
3 2 0 0
4 0 0 0
9 0 0 0
10 2 0 0
13 1 0 0
23 1 0 0
28 1 0 0
32 2 1 0
8
WAIT
SEED 32 17
SEED 32 15
SEED 32 30
SEED 32 34
SEED 32 6
SEED 32 5
SEED 32 16
32
96
33
96
36
96
Standard Error Stream:
7
19
6 20
5 0 0
10
0 0 0 0
2 1 0 0
3 2 0 0
4 0 0 0
9 0 0 0
10 2 0 0
13 1 0 0
23 1 0 0
28 1 0 0
32 2 1 0
8
WAIT
SEED 32 30
SEED 32 6
SEED 32 16
SEED 32 34
SEED 32 17
SEED 32 15
SEED 32 5
37
96
40
96
Standard Error Stream:
8
19
8 20
7 0 0
10
0 0 0 0
2 2 0 0
3 2 0 0
4 0 0 0
9 0 0 0
10 2 0 0
13 1 0 0
23 1 0 0
28 1 0 0
32 2 1 0
9
WAIT
GROW 32
SEED 32 15
SEED 32 30
SEED 32 16
SEED 32 34
SEED 32 5
SEED 32 6
SEED 32 17
41
96
Standard Error Stream:
8
19
1 20
0 0 0
10
0 0 0 0
2 3 0 1
3 2 0 0
4 0 0 0
9 0 0 0
10 2 0 0
13 1 0 0
23 1 0 0
28 1 0 0
32 3 1 1
1
WAIT
44
96
Standard Error Stream:
9
19
4 20
7 0 0
10
0 0 0 0
2 3 0 0
3 2 0 0
4 0 0 0
9 0 0 0
10 2 0 0
13 1 0 0
23 1 0 0
28 1 0 0
32 3 1 0
13
WAIT
COMPLETE 32
SEED 32 30
SEED 32 6
SEED 32 34
SEED 32 35
SEED 32 16
SEED 32 18
SEED 32 17
SEED 32 15
SEED 32 1
SEED 32 5
SEED 32 29
45
96
Standard Error Stream:
9
17
0 39
3 23 0
8
0 0 0 0
3 2 0 0
4 0 0 0
9 0 0 0
10 2 0 0
13 1 0 0
23 1 0 0
28 1 0 0
1
WAIT
46
96
49
96
Standard Error Stream:
10
17
0 39
5 23 0
9
0 0 0 0
2 0 0 0
3 2 0 0
4 0 0 0
9 0 0 0
10 2 0 0
13 1 0 0
23 1 0 0
28 1 0 0
1
WAIT
50
96
53
96
Standard Error Stream:
11
17
0 39
8 23 0
10
0 0 0 0
2 0 0 0
3 2 0 0
4 0 0 0
9 0 0 0
10 2 0 0
11 0 0 0
13 1 0 0
23 1 0 0
28 1 0 0
1
WAIT
54
96
57
96
Standard Error Stream:
12
17
0 39
8 23 0
10
0 0 0 0
2 0 0 0
3 3 0 0
4 0 0 0
9 0 0 0
10 2 0 0
11 0 0 0
13 1 0 0
23 1 0 0
28 1 0 0
1
WAIT
58
96
61
96
Standard Error Stream:
13
16
0 39
8 44 0
9
0 0 0 0
2 0 0 0
4 0 0 0
9 0 0 0
10 2 0 0
11 0 0 0
13 1 0 0
23 1 0 0
28 1 0 0
1
WAIT
62
96
65
96
Standard Error Stream:
14
16
0 39
8 44 0
10
0 0 0 0
2 0 0 0
3 0 0 0
4 0 0 0
9 0 0 0
10 2 0 0
11 0 0 0
13 1 0 0
23 1 0 0
28 1 0 0
1
WAIT
66
96
69
96
Standard Error Stream:
15
16
0 39
6 44 0
11
0 0 0 0
2 0 0 0
3 0 0 0
4 0 0 0
9 0 0 0
10 2 0 0
11 0 0 0
12 0 0 0
13 1 0 0
23 1 0 0
28 1 0 0
1
WAIT
72
96
Standard Error Stream:
16
16
0 39
11 44 0
11
0 0 0 0
2 0 0 0
3 0 0 0
4 0 0 0
9 0 0 0
10 2 0 0
11 0 0 0
12 0 0 0
13 1 0 0
23 1 0 0
28 1 0 0
1
WAIT
73
96
76
96
Standard Error Stream:
17
16
0 39
9 44 0
12
0 0 0 0
2 0 0 0
3 0 0 0
4 0 0 0
9 0 0 0
10 2 0 0
11 0 0 0
12 0 0 0
13 1 0 0
23 1 0 0
27 0 0 0
28 1 0 0
1
WAIT
77
96
80
96
Standard Error Stream:
18
16
0 39
5 44 0
13
0 0 0 0
2 0 0 0
3 0 0 0
4 0 0 0
9 0 0 0
10 2 0 0
11 0 0 0
12 0 0 0
13 1 0 0
23 1 0 0
27 0 0 0
28 1 0 0
29 0 0 0
1
WAIT
83
96
Standard Error Stream:
19
16
0 39
9 44 0
13
0 0 0 0
2 0 0 0
3 0 0 0
4 0 0 0
9 0 0 0
10 2 0 0
11 0 0 0
12 0 0 0
13 1 0 0
23 1 0 0
27 0 0 0
28 1 0 0
29 0 0 0
1
WAIT
86
96
Standard Error Stream:
20
16
0 39
14 44 0
13
0 0 0 0
2 0 0 0
3 0 0 0
4 0 0 0
9 0 0 0
10 2 0 0
11 0 0 0
12 0 0 0
13 1 0 0
23 1 0 0
27 0 0 0
28 1 0 0
29 0 0 0
1
WAIT
89
96
Standard Error Stream:
21
16
0 39
18 44 0
13
0 0 0 0
2 0 0 0
3 0 0 0
4 0 0 0
9 0 0 0
10 2 0 0
11 0 0 0
12 0 0 0
13 1 0 0
23 1 0 0
27 0 0 0
28 1 0 0
29 0 0 0
1
WAIT
92
96
Standard Error Stream:
22
16
0 39
23 44 0
13
0 0 0 0
2 0 0 0
3 0 0 0
4 0 0 0
9 0 0 0
10 2 0 0
11 0 0 0
12 0 0 0
13 1 0 0
23 1 0 0
27 0 0 0
28 1 0 0
29 0 0 0
1
WAIT
95
96
Standard Error Stream:
23
16
0 39
28 44 0
13
0 0 0 0
2 0 0 0
3 0 0 0
4 0 0 0
9 0 0 0
10 2 0 0
11 0 0 0
12 0 0 0
13 1 0 0
23 1 0 0
27 0 0 0
28 1 0 0
29 0 0 0
1
WAIT